
 40.61
 40.15
 46.98
 26.56
 18.36
 20.51
 19.14
 17.58
 16.99
 14.84
 14.45
 14.45
 14.65
 15.43
 16.02
 15.62
 16.21
 18.16
 18.55
 18.95
 19.92
 20.70
 21.68
 23.44
 24.80
 25.78
 26.37
 26.76
 27.34
 27.34
 29.69
 33.40
 34.18
 34.18
 34.18
 34.38
 34.77
 37.62
 40.68
 44.32
 45.49
 49.72
 52.77
 58.29
 64.56
 66.48
 72.55
 73.33
 74.66
 76.19
 77.52
 82.46
 86.65
 90.45
 90.45
 91.97
 92.17
 93.70
 93.50
 94.64
 94.83
 95.97
 95.97
 96.36
 96.36
 97.50
 97.50
 97.50
 98.63
 98.63
 98.63
 98.63
 98.63
 98.63
 98.63
 98.63
 98.63
 98.63
 98.63
 98.63
 98.63
 98.63
 98.63
 98.63
 98.63
 98.63
 98.63
 98.63
 98.63
 98.63
 98.63
 98.63
 98.63
 98.63
 98.63
 98.63
 98.63
 98.63
 98.63
 98.63
