
116.6674
60.8739
51.3503
49.7534
48.8547
45.0080
39.3312
36.4975
35.3228
32.5278
32.1452
32.0313
31.6802
31.9357
31.1679
31.1171
31.6525
31.3793
31.1517
31.1770
31.1537
31.5868
30.9968
30.6543
30.6360
30.0083
29.6811
29.2349
27.5892
27.0862
25.4223
24.5604
24.3720
25.3561
24.1451
24.0174
23.8854
23.7317
23.5228
23.6185
23.5999
23.3226
23.6966
23.6504
23.8172
24.2262
23.7974
23.1508
22.7046
22.9482
22.7375
22.8912
22.6272
22.7012
22.6662
22.4879
22.6907
22.5916
22.4997
22.4922
22.4027
22.1873
22.1749
22.0921
21.9934
22.0391
21.5058
21.6525
21.5258
21.3379
21.3108
20.5578
20.1394
19.7554
20.4376
20.6079
19.7944
19.6736
19.1618
20.0801
20.2829
19.3213
19.7543
20.2322
20.0971
19.8596
19.8758
19.7255
20.7718
20.1428
20.8578
19.8144
19.6900
18.5945
18.4664
18.6639
19.0154
19.4307
20.4144
19.2059
19.2230
18.8342
18.6121
18.5893
17.8333
19.2117
18.6006
17.6844
18.0565
17.4370
16.8536
16.7446
16.7079
16.0813
16.2138
16.4065
16.8576
16.1995
16.3759
15.9169
15.8125
16.7167
16.5228
16.5597
16.1164
16.0611
15.8840
16.1528
16.2064
15.1427
15.5356
15.6810
15.8232
15.5099
15.4657
15.6236
15.3123
15.3394
15.9337
15.6067
15.0222
14.9244
14.9537
14.8871
15.0029
14.7074
14.8873
14.6774
14.5877
14.4988
14.6740
14.5633
15.0391
14.5936
14.9132
14.5335
14.5748
15.0788
14.7831
14.3659
14.3911
14.8297
14.7360
14.6123
14.4971
14.5418
14.6733
14.3552
13.8486
13.5587
13.6879
13.9105
13.7498
14.2715
13.6270
13.4329
13.9108
14.3932
13.7035
13.5475
13.7174
13.3781
13.5676
13.6371
13.3128
13.6886
13.6067
13.7366
13.5970
13.7396
13.5651
13.3703
13.4898
13.5834
13.6310
13.4145
13.7515
13.6740
13.3304
13.2063
13.2878
13.1544
12.8661
13.4365
13.6126
13.2629
13.1762
13.6771
13.3793
13.5194
13.1122
12.7592
13.0562
13.4204
13.1822
13.0873
12.7900
13.2319
13.0544
12.9703
12.6352
12.6536
13.0708
13.2372
12.5472
12.5731
12.6082
12.5506
13.1353
12.6486
12.6525
12.7508
12.6394
12.7659
12.5440
12.8827
12.6221
12.2746
12.6117
12.4908
12.2320
12.7339
12.1273
12.3140
12.4308
12.5770
12.1434
12.6764
11.9980
12.5375
12.4467
12.5516
12.2156
11.9860
11.9734
12.1277
12.3517
12.5190
12.3279
11.8660
12.1440
11.9979
12.4280
12.4104
12.2559
12.3325
11.7036
11.8909
12.1174
11.9230
11.8478
12.0023
12.0594
12.4737
12.1729
11.9706
11.9081
12.1765
11.9742
11.5487
12.4505
12.1426
11.6911
11.8708
12.2590
11.6080
11.6793
11.7043
11.6994
11.6448
11.8003
11.7862
12.1304
11.7306
11.4917
11.9846
11.6401
11.6402
11.9346
12.1433
11.6355
12.0021
12.0985
11.6831
11.6690
11.9822
11.6444
11.5942
11.9923
11.8415
11.6483
11.8999
11.9395
11.7776
11.4648
11.7884
11.5048
11.5523
11.3970
11.6576
11.5543
11.6754
11.6834
11.4180
11.3211
11.3753
11.5358
11.2825
11.9301
11.4439
11.3481
11.4468
11.5352
11.2703
11.2422
11.5663
11.3170
11.5102
11.4238
11.4153
11.9279
11.2663
11.2949
11.3443
11.1805
10.8871
11.3249
11.2080
11.5720
11.6863
11.2529
10.9765
11.6265
11.5017
11.0636
11.1009
11.1064
10.9973
11.4696
11.3097
11.3179
10.9914
11.0491
11.0670
10.7709
11.2450
11.0814
11.0647
10.6663
11.2843
11.0984
11.1134
11.2164
11.3181
10.9886
11.3381
10.9752
10.8520
11.0887
11.1125
10.9891
11.2736
10.9094
10.7975
10.9808
10.8921
11.1703
10.9389
10.9161
10.9938
10.7570
10.6561
11.1018
11.2496
10.7266
10.7102
10.8121
10.8815
10.6662
10.8244
11.1277
10.6691
10.8690
10.6597
10.6974
10.9804
11.0045
11.1603
10.8205
10.6492
10.9796
10.9623
10.5729
10.9839
10.8233
10.6012
10.7168
10.9404
11.1190
10.7017
10.6007
10.7751
10.8969
10.6332
10.9035
10.7094
10.7134
10.7860
10.9962
10.6703
10.5360
10.6181
10.8548
10.5933
10.6432
10.6842
10.6281
10.6652
10.8768
10.6425
10.7157
11.0083
10.3692
10.4697
10.5969
10.4587
10.6762
10.4173
10.4471
10.6065
10.8550
10.5739
10.9344
10.6776
10.7839
10.4509
10.5245
10.7640
10.6911
10.8633
10.6793
10.6083
10.6157
10.5728
10.6025
10.8012
10.7183
10.6704
10.5549
10.7803
10.3143
10.6162
10.7498
10.5599
10.8232
10.8416
10.7768
10.8949
10.7116
10.4218
10.7649
10.5515
10.7034
10.9291
10.4771
10.5776
10.3999
10.6580
10.5958
10.9910
10.6023
10.9093
10.7124
10.4550
10.5377
10.7926
10.7721
10.7814
10.8825
10.7183
